[ RowDataPacket {
    username: 'admin',
    userid: 2,
    password: 'admin',
    clearance: '0' } ]
[0mPOST /login [32m200 [0m7.764 ms - 4[0m
[ [ [ 119.57142924073142, 39.91331402206945 ],
    [ 119.571271294436, 39.91368635036555 ],
    [ 119.57101555174728, 39.91498029172672 ],
    [ 119.57064261029055, 39.91620093846916 ],
    [ 119.57016709409027, 39.91781444602233 ],
    [ 119.56984545964656, 39.91870489829105 ],
    [ 119.5697929285986, 39.91900694151295 ],
    [ 119.56964340602765, 39.919311583958 ],
    [ 119.56945372922371, 39.91952853794424 ],
    [ 119.56920495842961, 39.91970606431402 ],
    [ 119.56889250064765, 39.92006784184302 ],
    [ 119.5687798967656, 39.92029155736762 ],
    [ 119.56872018202073, 39.92059667444882 ],
    [ 119.56865592642983, 39.92073398035235 ],
    [ 119.56851085434047, 39.92093488520058 ],
    [ 119.56688035992934, 39.91997159723261 ],
    [ 119.5670232566295, 39.919602357036766 ],
    [ 119.56728378481377, 39.91910239940938 ],
    [ 119.56751443107497, 39.91882641622063 ],
    [ 119.5676213749966, 39.91854325464218 ],
    [ 119.56759980283974, 39.91836794206466 ],
    [ 119.56762972921135, 39.91822236866093 ],
    [ 119.56768739056295, 39.918127231847926 ],
    [ 119.56802046471681, 39.91761993287283 ],
    [ 119.56821495187421, 39.917176499116 ],
    [ 119.568365012415, 39.916871335413255 ],
    [ 119.56844400518021, 39.916546813893376 ],
    [ 119.56851874839654, 39.91621049065611 ],
    [ 119.56860039751272, 39.91590926751191 ],
    [ 119.56888203659109, 39.91454825023383 ],
    [ 119.56898738635405, 39.91422597260684 ],
    [ 119.56913376988778, 39.9138163278704 ],
    [ 119.56928621715966, 39.91348026264418 ],
    [ 119.56929111746116, 39.91322298799175 ],
    [ 119.56913202047011, 39.91306826399378 ],
    [ 119.56894624505276, 39.913001233862644 ],
    [ 119.56862683862505, 39.91299257823417 ],
    [ 119.56843588452931, 39.91306530688242 ],
    [ 119.56828982120263, 39.91321880390676 ],
    [ 119.56820486333372, 39.91344671043321 ],
    [ 119.56804868361122, 39.913778116413205 ],
    [ 119.5679371316067, 39.91409331801429 ],
    [ 119.56779127545572, 39.914494868458206 ],
    [ 119.56745390009235, 39.91510963145072 ],
    [ 119.56696036147162, 39.91615958680387 ],
    [ 119.5667697262902, 39.91658091941143 ],
    [ 119.56651289114558, 39.916969394566316 ],
    [ 119.56626900325507, 39.91723993680782 ],
    [ 119.5653496000058, 39.91805048304994 ],
    [ 119.56498195161141, 39.91843427575795 ],
    [ 119.56460316415854, 39.91882174208942 ],
    [ 119.56391431680134, 39.9184020426122 ],
    [ 119.56420302546445, 39.918137003433955 ],
    [ 119.56476095795755, 39.917543700290985 ],
    [ 119.56553316029482, 39.91674969979168 ],
    [ 119.5660345509423, 39.916104560356025 ],
    [ 119.56618924076655, 39.91576185955469 ],
    [ 119.56676833727153, 39.9146684251141 ],
    [ 119.56678175757132, 39.91465669565465 ],
    [ 119.56731790486936, 39.913490804095 ],
    [ 119.56733037529715, 39.91345672713259 ],
    [ 119.56758420912453, 39.91271549903662 ],
    [ 119.56784667835204, 39.91194277879541 ],
    [ 119.56809982177062, 39.91105926135202 ],
    [ 119.56827781045166, 39.91066190320608 ],
    [ 119.56861075300039, 39.91034047640242 ],
    [ 119.56871027472077, 39.90997973356184 ],
    [ 119.56867040098996, 39.908698352904615 ],
    [ 119.56861658871604, 39.907366143198864 ],
    [ 119.56860431256634, 39.90571724108775 ],
    [ 119.56860878453705, 39.905382641849656 ],
    [ 119.56855944878076, 39.90515788423909 ],
    [ 119.56849521380343, 39.90498457301647 ],
    [ 119.56839305755135, 39.90485944679961 ],
    [ 119.56812524951916, 39.90462134479359 ],
    [ 119.56782783842624, 39.904409030443226 ],
    [ 119.56767420899662, 39.90430958949442 ],
    [ 119.56716799179193, 39.90408054057565 ],
    [ 119.56674861831385, 39.90391469754354 ],
    [ 119.56642568153546, 39.903804850864766 ],
    [ 119.56621655086215, 39.903728712662094 ],
    [ 119.56579682096661, 39.90363169238033 ],
    [ 119.56551910543949, 39.9035854427673 ],
    [ 119.56546118185499, 39.903593417293315 ],
    [ 119.56546522400374, 39.903757380587194 ],
    [ 119.56549204702861, 39.90394718454774 ],
    [ 119.56551683215794, 39.90432905666371 ],
    [ 119.56553086529117, 39.9045748357798 ],
    [ 119.5655520458642, 39.90479607649994 ],
    [ 119.56554455227631, 39.905050969519785 ],
    [ 119.56542512109172, 39.905252055584654 ],
    [ 119.56529249092816, 39.905419448019764 ],
    [ 119.56511983004506, 39.90553909763736 ],
    [ 119.56494762739594, 39.90561447380187 ],
    [ 119.56451351640656, 39.90568826186144 ],
    [ 119.56404601928564, 39.90569632172186 ],
    [ 119.56354555317655, 39.90568910031164 ],
    [ 119.56325612271935, 39.90565453044085 ],
    [ 119.56292844696686, 39.90556705214193 ],
    [ 119.5627573142934, 39.90548853572172 ],
    ... 567 more items ],
  [ [ 119.57021133501088, 39.90107760809706 ],
    [ 119.57032549939255, 39.901135550709455 ],
    [ 119.57044232290751, 39.90123765818811 ],
    [ 119.57050676519243, 39.901335514642604 ],
    [ 119.570577896768, 39.90145092869496 ],
    [ 119.57067700822465, 39.90155420628935 ],
    [ 119.57079272964793, 39.90160931131807 ],
    [ 119.5709348156707, 39.90164314136723 ],
    [ 119.57103420367892, 39.90164363499299 ],
    [ 119.57113345895945, 39.90163001955977 ],
    [ 119.57120845635708, 39.90161282079602 ],
    [ 119.57127357474812, 39.901579192312646 ],
    [ 119.57135969670604, 39.9015333508255 ],
    [ 119.57141239395251, 39.90147672989516 ],
    [ 119.57145710617976, 39.901425765829124 ],
    [ 119.57147906481148, 39.90136630599838 ],
    [ 119.57150124621167, 39.90128740265514 ],
    [ 119.57149102235088, 39.90121746947207 ],
    [ 119.57146460675636, 39.901114504587454 ],
    [ 119.5714548750794, 39.901019601962055 ],
    [ 119.57146244645573, 39.900914515770836 ],
    [ 119.57149052374999, 39.900822354417 ],
    [ 119.57155713473712, 39.90069899924879 ],
    [ 119.57167418017632, 39.90059039818944 ],
    [ 119.57173604101047, 39.9005179565746 ],
    [ 119.57177893617495, 39.90044263917837 ],
    [ 119.5718162789528, 39.90035069427166 ],
    [ 119.57182780419392, 39.900282958948175 ],
    [ 119.57183335395999, 39.90020272523499 ],
    [ 119.57181237141175, 39.90013985331257 ],
    [ 119.5717572744285, 39.90004123670995 ],
    [ 119.57168540700378, 39.899903966928896 ],
    [ 119.57164148986844, 39.899777280893105 ],
    [ 119.57164129606586, 39.89961251120996 ],
    [ 119.57168050716903, 39.89947740946231 ],
    [ 119.57177847754208, 39.8993505845726 ],
    [ 119.57186019674629, 39.89925978279948 ],
    [ 119.57196328866742, 39.899132241916206 ],
    [ 119.57200184892935, 39.89903188764713 ],
    [ 119.57203092492074, 39.89884057314502 ],
    [ 119.57198623409778, 39.89868305580789 ],
    [ 119.57193319893912, 39.89856489625997 ],
    [ 119.57191213993853, 39.898413898730645 ],
    [ 119.57194801932634, 39.898280437987125 ],
    [ 119.57201483152443, 39.89814993023043 ],
    [ 119.57210281756493, 39.8980552747842 ],
    [ 119.57220807252612, 39.89797852061788 ],
    [ 119.57231583663513, 39.89790188697676 ],
    [ 119.57244978749327, 39.89780417858054 ],
    [ 119.57254904706681, 39.897651648611266 ],
    [ 119.5726009509631, 39.89749005095113 ],
    [ 119.5725842530262, 39.89736295903707 ],
    [ 119.5725318359319, 39.89717257188897 ],
    [ 119.57248482219694, 39.897008586407516 ],
    [ 119.57247070801255, 39.896875668752145 ],
    [ 119.57247577534238, 39.89673657317833 ],
    [ 119.57255853426032, 39.89656058373211 ],
    [ 119.57265451983315, 39.89642938841697 ],
    [ 119.57275649339918, 39.896294677388234 ],
    [ 119.5728991831599, 39.89616420168155 ],
    [ 119.5730249961346, 39.89608917741724 ],
    [ 119.57303395363842, 39.8960829940333 ],
    [ 119.57316708913082, 39.896012207872104 ],
    [ 119.57334960230446, 39.89589970344624 ],
    [ 119.5735328321991, 39.89574886819679 ],
    [ 119.57372355309667, 39.89557465731498 ],
    [ 119.57389910705808, 39.89537023700311 ],
    [ 119.5740326289375, 39.895148630535616 ],
    [ 119.57420909457302, 39.89478287691294 ],
    [ 119.57425521635106, 39.89460367204679 ],
    [ 119.57428842123915, 39.894416008838085 ],
    [ 119.5742911293011, 39.89416825995161 ],
    [ 119.57419891117259, 39.89379497855054 ],
    [ 119.5741326874158, 39.89359555005069 ],
    [ 119.57392820123883, 39.893239613158016 ],
    [ 119.57369000886297, 39.892951711616476 ],
    [ 119.57335309281599, 39.89266102579351 ],
    [ 119.5729987894172, 39.89243353651907 ],
    [ 119.57092015273068, 39.891382315205426 ],
    [ 119.56867807531967, 39.89036230550606 ],
    [ 119.5680211037833, 39.89018442883249 ],
    [ 119.56753364784635, 39.890092618264454 ],
    [ 119.5669985486318, 39.890036540364704 ],
    [ 119.56645675404883, 39.890033779430645 ],
    [ 119.56607265440189, 39.890093628393146 ],
    [ 119.56569396773862, 39.89018708614917 ],
    [ 119.56543158462819, 39.89034608763057 ],
    [ 119.56522631630966, 39.890487783658905 ],
    [ 119.5650464440675, 39.89079086813189 ],
    [ 119.56504752158939, 39.89100743749309 ],
    [ 119.56514934144833, 39.891171658971196 ],
    [ 119.56524174437907, 39.89129281750507 ],
    [ 119.56545773331771, 39.89136493504287 ],
    [ 119.56577537380221, 39.89150435074905 ],
    [ 119.56604505916798, 39.89169636864566 ],
    [ 119.56625001668631, 39.891922828792296 ],
    [ 119.56635225288377, 39.892064508964246 ],
    [ 119.56643973802984, 39.892243162554124 ],
    [ 119.56650829615337, 39.89246980399955 ],
    [ 119.56652009332265, 39.892640112762294 ],
    ... 160 more items ],
  [ [ 119.54990082121812, 39.87805942903417 ],
    [ 119.54926235067501, 39.878110020939054 ],
    [ 119.54847417205104, 39.87824107855652 ],
    [ 119.54792024238384, 39.878390321337235 ],
    [ 119.54729444520194, 39.87858386321949 ],
    [ 119.54679670069447, 39.87880699092762 ],
    [ 119.54616638171434, 39.879202327169764 ],
    [ 119.54567659373812, 39.879671144731425 ],
    [ 119.54527837647647, 39.880261113620456 ],
    [ 119.54507296166722, 39.880699243734774 ],
    [ 119.54491866081281, 39.88127326542398 ],
    [ 119.54488521128131, 39.88158598783479 ],
    [ 119.54489849669675, 39.88203423487099 ],
    [ 119.5450498748251, 39.882918427579376 ],
    [ 119.5453774315821, 39.88381904806903 ],
    [ 119.54588461743914, 39.88466560974978 ],
    [ 119.54645201577013, 39.88542939202499 ],
    [ 119.54739580456942, 39.8863280468153 ],
    [ 119.55234251824118, 39.88918897474666 ],
    [ 119.55384623210038, 39.88959899626189 ],
    [ 119.55471113555075, 39.88972951460283 ],
    [ 119.5555859293334, 39.88982746500528 ],
    [ 119.55639426191436, 39.889886218422966 ],
    [ 119.5573373830845, 39.88986009280246 ],
    [ 119.55804382646137, 39.889768622039405 ],
    [ 119.55858966625074, 39.88967719813949 ],
    [ 119.55898287979397, 39.889546711913574 ],
    [ 119.55942719643159, 39.88942533539336 ],
    [ 119.55975042395784, 39.889309571239544 ],
    [ 119.56018595142677, 39.889107858090426 ],
    [ 119.56062358506668, 39.88884693741851 ],
    [ 119.56100427986112, 39.88855653829226 ],
    [ 119.56133804950505, 39.88827767623881 ],
    [ 119.56181495784027, 39.88762560620732 ],
    [ 119.5619501234452, 39.887219361363336 ],
    [ 119.56204021268998, 39.886901645666384 ],
    [ 119.56207905627211, 39.88642502604777 ],
    [ 119.56210224412001, 39.885860456146986 ],
    [ 119.5619856062475, 39.88535975520379 ],
    [ 119.56190814931419, 39.884864720677975 ],
    [ 119.56147263089375, 39.88389360595316 ],
    [ 119.5610749545403, 39.88328739575006 ],
    [ 119.56025733143552, 39.882216022134635 ],
    [ 119.55956576346783, 39.88158047324112 ],
    [ 119.55876066528185, 39.88091563374744 ],
    [ 119.55579596061244, 39.87924827592558 ],
    [ 119.55557079255358, 39.87913795102144 ],
    [ 119.55510358668599, 39.87896010019351 ],
    [ 119.55458354613457, 39.87876243866157 ],
    [ 119.55379993067884, 39.87852472921877 ],
    [ 119.5525737660085, 39.87824272352611 ],
    [ 119.55180828292634, 39.878140770387105 ],
    [ 119.55080834874981, 39.87803912838829 ],
    [ 119.55036197116443, 39.87803405176606 ],
    [ 119.54990082121812, 39.87805942903417 ] ] ]
